[[0.         0.         0.         0.         0.         0.
  0.         0.         0.         0.         0.         0.
  0.         0.         0.         0.        ]
 [0.35654762 0.         0.         0.         0.         0.
  0.         0.         0.         0.         0.         0.
  0.         0.         0.         0.        ]
 [0.68851508 0.3579379  0.         0.         0.         0.
  0.         0.         0.         0.         0.         0.
  0.         0.         0.         0.        ]
 [0.59386568 0.36934389 0.61193242 0.         0.         0.
  0.         0.         0.         0.         0.         0.
  0.         0.         0.         0.        ]
 [0.44438073 0.30842391 0.44193912 0.45648604 0.         0.
  0.         0.         0.         0.         0.         0.
  0.         0.         0.         0.        ]
 [0.68333333 0.34963768 0.94241192 0.58993576 0.42241379 0.
  0.         0.         0.         0.         0.         0.
  0.         0.         0.         0.        ]
 [0.40740741 0.27009873 0.40230548 0.42873239 0.32018111 0.38888889
  0.         0.         0.         0.         0.         0.
  0.         0.         0.         0.        ]
 [0.16034597 0.15794769 0.16764898 0.16635745 0.14674361 0.16918845
  0.1344086  0.         0.         0.         0.         0.
  0.         0.         0.         0.        ]
 [0.22150259 0.18515124 0.20689655 0.23132969 0.19953052 0.20866142
  0.18718381 0.17884914 0.         0.         0.         0.
  0.         0.         0.         0.        ]
 [0.13351499 0.12264151 0.12557832 0.1301627  0.11860068 0.12970711
  0.10325581 0.50561798 0.1096563  0.         0.         0.
  0.         0.         0.         0.        ]
 [0.35082367 0.30725806 0.34027365 0.32957111 0.31148696 0.3304721
  0.27740986 0.12772586 0.15739868 0.11529933 0.         0.
  0.         0.         0.         0.        ]
 [0.33515815 0.31960461 0.33452808 0.33848797 0.28991597 0.32777778
  0.27848101 0.15102481 0.20178926 0.11525424 0.29051217 0.
  0.         0.         0.         0.        ]
 [0.30363864 0.21026895 0.30196802 0.29672897 0.26466276 0.30635838
  0.24223602 0.16421569 0.15677966 0.15079365 0.21367521 0.21193772
  0.         0.         0.         0.        ]
 [0.53573377 0.38875    0.54103672 0.56703763 0.42724638 0.5191886
  0.3902439  0.15153584 0.21609043 0.11519778 0.34896811 0.47346657
  0.28073511 0.         0.         0.        ]
 [0.25697599 0.22739726 0.2435494  0.24193548 0.23364486 0.24621461
  0.19296811 0.17416546 0.16401469 0.13023256 0.17231897 0.18867925
  0.18814969 0.22555411 0.         0.        ]
 [0.43746224 0.27662616 0.4341637  0.41629213 0.33994709 0.43251534
  0.30473576 0.20172911 0.21341463 0.14243902 0.28528753 0.2739521
  0.25296443 0.38626866 0.22476675 0.        ]]
